-1.89788230787718
-0.484358239743999
0.977095357723145
-1.74044473563737
-0.592620244835781
-0.117372342955868
-0.471226377610703
-0.675087985489728
-0.788315141414521
-2.44380091579956
-0.977869532863485
-1.06552251588662
-0.546246249912637
-0.307719640288348
-1.99107227837682
0.537267081867817
-1.32179228494397
-0.921342602111578
0.623383665229575
-1.63934400350103
-1.51405612135605
-0.624181790333394
-1.50568757799402
0.321439970449148
-2.50308871721347
-1.80612090271274
-1.17780584815776
-1.25802990986394
-0.641313601297276
-0.576274862671220
-1.05873532586182
-0.782151128109382
0.655488187579397
-0.336115643472550
-0.158981507660456
0.409936666527139
-0.865334267821628
-0.445487733081883
-0.614314562439688
0.0257764531098121
-0.139465463335271
-1.49757356988376
-0.793466423204686
0.0212982426448204
-0.161154473731780
1.08901799807324
2.20396843417982
1.04322680854066
0.909393931533318
-0.0905044318803196
1.86714443822619
0.344145155675176
-1.18849213433164
-1.45846834886321
0.916599607482711
0.494646077224463
1.83219384941052
0.181713463604942
0.773630529583005
-1.16813699157915
0.135789485377515
0.313773664010457
-0.295861892460764
-1.19689207538444
0.148747542092663
-0.568939742718914
-1.07908126527952
-0.552516595757207
0.304768194711770
0.580562341458935
1.37753217257703
0.891800860406077
-0.0579510962866800
0.376640909566842
0.547548951364769
-1.42334492425927
-0.546570964888234
-0.635718961168852
0.827306447755532
0.548647653064944
0.392048938973580
0.425444147989703
2.09825535263322
0.800798179747586
-0.000664507202257787
-0.438206296771194
-1.82125578651372
2.20718375362915
-1.27103849410923
1.01903863539098
1.12256283853478
1.33300998347599
-0.765677447389931
-0.127323625672821
-1.63488527465575
0.602799845786210
0.321369591005117
-0.784161606373162
0.0298960778502135
0.454871373082264
-0.124165293572791
-1.27864318346550
-0.674906671222659
-0.887267602271358
0.358400340666121
1.19387175206239
0.539719895941448
1.21899350131052
0.414800906119624
-0.0369882901299812
-0.274283915251691
-1.58410261524531
-0.455266352847799
0.599381885116259
0.910121424723850
-0.892573547630525
-0.602266342193389
-0.936146781267570
-2.24838972757186
0.794520226216250
0.296027374348815
-0.779113346221976
-0.602878211964594
0.395390112358802
0.754666485408286
-0.142731918768922
1.48457650739198
-1.63527551966704
1.60934231381855
-0.286056782903846
-0.484254486178580
0.580086134164777
0.937704626125003
1.68120313193305
0.966247987922293
0.410183984725164
-1.47312516466798
-0.838820037474646
0.155804332401889
-0.162170132564192
2.75532094801397
-0.174940465253962
-0.113372907743254
0.925949963956986
0.672283240193709
-0.0296138490584974
-0.588961525149699
0.522561552439378
0.491986619017401
-0.145738347827322
-0.699160824512416
2.53824219114308
0.0242669518851172
-1.16087755230680
-0.472237772927378
-0.170067870015579
-0.0802042422513039
0.866997182693426
-0.183573168260869
-0.180637528030789
-0.269021166667434
0.891106634620917
-0.166229894690449
0.186786953688386
0.898206441324801
-1.27839521600236
-1.48393098353520
0.216911026741784
-0.612786532344931
1.63513928763693
-1.00556555183653
0.287193130851321
1.00063941225434
-0.876031333803707
-1.91962808811590
0.742719486501571
-0.101087092052016
-0.00987178970250680
-0.0638127321787333
1.92228323698718
0.518029811493839
1.26629875985874
1.99713403757070
1.96660963727533
1.44061266450050
1.04195870410860
1.46301209995901
0.385761105697142
-0.121783557357514
-1.59064364961134
0.183083879755600
0.134979400878769
-0.279849005248717
-0.0565220438306731
0.0122921347696858
1.30302223107522
1.75734141810326
0.101008797902097
0.0765072548499974
0.682057119784716
